Epoch, Train Accuracy, Val Accuracy, Test Accuracy
1, 5.59, 12.25, 56.82
2, 8.73, 22.79, 56.82
3, 11.75, 32.76, 56.82
4, 14.51, 34.19, 56.82
5, 17.69, 41.88, 56.82
6, 21.32, 48.15, 56.82
7, 21.86, 52.42, 56.82
8, 24.01, 54.70, 56.82
9, 24.82, 56.70, 56.82
10, 24.59, 57.26, 56.82
11, 26.42, 58.69, 56.82
12, 24.91, 56.98, 56.82
13, 25.10, 58.12, 56.82
14, 26.77, 58.69, 56.82
15, 25.65, 59.26, 56.82
16, 24.98, 58.12, 56.82
17, 24.62, 57.83, 56.82
18, 25.10, 58.69, 56.82
19, 26.77, 57.55, 56.82
20, 27.26, 57.83, 56.82

Final Test Metrics:
Test Loss: 1.948429
Precision (Macro): 0.5869
Recall (Macro): 0.5679
F1-Score (Macro): 0.5376
Confusion Matrix:
[[3, 0, 1, ..., 2, 0, 0],
 [0, 4, 0, ..., 0, 0, 0],
 [0, 0, 8, ..., 1, 0, 0],
 ...,
 [0, 0, 0, ..., 9, 0, 0],
 [0, 0, 0, ..., 0, 9, 0],
 [0, 0, 1, ..., 2, 0, 2]]