Epoch, Train Accuracy, Val Accuracy, Test Accuracy
1, 4.27, 7.69, 26.46
2, 6.32, 10.26, 26.46
3, 9.15, 12.82, 26.46
4, 8.96, 19.09, 26.46
5, 11.20, 16.81, 26.46
6, 11.85, 22.22, 26.46
7, 14.54, 24.79, 26.46
8, 13.16, 24.50, 26.46
9, 14.67, 26.78, 26.46
10, 14.96, 26.50, 26.46
11, 13.84, 25.93, 26.46
12, 14.38, 26.21, 26.46
13, 14.64, 27.07, 26.46
14, 14.48, 27.35, 26.46
15, 14.70, 27.07, 26.46
16, 14.67, 26.78, 26.46
17, 13.48, 26.50, 26.46
18, 14.13, 27.07, 26.46
19, 14.86, 25.64, 26.46
20, 14.41, 27.07, 26.46

Final Test Metrics:
Test Loss: 2.573441
Precision (Macro): 0.2624
Recall (Macro): 0.2639
F1-Score (Macro): 0.2066
Confusion Matrix:
[[0, 0, 0, ..., 4, 0, 0],
 [0, 0, 1, ..., 1, 0, 0],
 [0, 0, 7, ..., 0, 0, 0],
 ...,
 [0, 0, 1, ..., 6, 0, 0],
 [0, 0, 0, ..., 0, 2, 0],
 [0, 0, 0, ..., 4, 0, 1]]