Epoch, Train Accuracy, Val Accuracy, Test Accuracy
1, 5.33, 20.51, 55.71
2, 9.76, 27.92, 55.71
3, 12.62, 34.47, 55.71
4, 14.54, 40.46, 55.71
5, 16.89, 43.02, 55.71
6, 20.13, 49.86, 55.71
7, 21.41, 50.43, 55.71
8, 21.57, 53.28, 55.71
9, 21.48, 53.85, 55.71
10, 22.63, 55.56, 55.71
11, 23.56, 54.13, 55.71
12, 24.59, 54.13, 55.71
13, 24.49, 54.13, 55.71
14, 22.54, 54.70, 55.71
15, 24.11, 55.27, 55.71
16, 23.72, 55.27, 55.71
17, 23.50, 54.99, 55.71
18, 23.43, 53.85, 55.71
19, 23.69, 55.56, 55.71
20, 23.05, 56.13, 55.71

Final Test Metrics:
Test Loss: 2.064718
Precision (Macro): 0.6208
Recall (Macro): 0.5571
F1-Score (Macro): 0.5328
Confusion Matrix:
[[5, 0, 0, ..., 1, 0, 0],
 [0, 5, 1, ..., 0, 0, 0],
 [0, 0, 8, ..., 1, 0, 0],
 ...,
 [0, 0, 0, ..., 7, 0, 0],
 [0, 0, 0, ..., 0, 7, 0],
 [0, 0, 0, ..., 3, 0, 2]]