Epoch, Train Accuracy, Val Accuracy, Test Accuracy
1, 4.43, 9.97, 37.33
2, 5.87, 17.95, 37.33
3, 8.28, 19.37, 37.33
4, 9.31, 23.08, 37.33
5, 11.36, 29.06, 37.33
6, 12.91, 34.19, 37.33
7, 14.00, 35.61, 37.33
8, 13.55, 33.33, 37.33
9, 13.10, 37.32, 37.33
10, 13.74, 37.89, 37.33
11, 14.80, 39.03, 37.33
12, 14.99, 38.46, 37.33
13, 15.47, 38.46, 37.33
14, 14.90, 37.04, 37.33
15, 15.47, 37.89, 37.33
16, 14.19, 39.60, 37.33
17, 14.64, 37.61, 37.33
18, 14.83, 37.32, 37.33
19, 15.35, 38.46, 37.33
20, 14.38, 37.89, 37.33

Final Test Metrics:
Test Loss: 2.674108
Precision (Macro): 0.4036
Recall (Macro): 0.3741
F1-Score (Macro): 0.3407
Confusion Matrix:
[[2, 0, 1, ..., 3, 0, 0],
 [0, 6, 0, ..., 0, 1, 0],
 [0, 0, 5, ..., 0, 0, 0],
 ...,
 [0, 0, 1, ..., 6, 0, 0],
 [0, 0, 0, ..., 0, 3, 0],
 [0, 0, 1, ..., 1, 1, 0]]