Epoch, Train Accuracy, Val Accuracy, Test Accuracy
1, 4.25, 11.97, 48.47
2, 6.87, 20.51, 48.47
3, 9.17, 24.79, 48.47
4, 10.79, 32.76, 48.47
5, 13.23, 41.31, 48.47
6, 16.26, 46.15, 48.47
7, 17.53, 47.58, 48.47
8, 18.80, 47.01, 48.47
9, 19.02, 48.15, 48.47
10, 19.18, 48.43, 48.47
11, 19.63, 47.58, 48.47
12, 18.94, 48.15, 48.47
13, 19.65, 49.29, 48.47
14, 18.80, 49.00, 48.47
15, 19.49, 48.15, 48.47
16, 19.15, 47.86, 48.47
17, 19.73, 48.72, 48.47
18, 19.15, 50.71, 48.47
19, 19.41, 47.58, 48.47
20, 19.10, 48.72, 48.47

Final Test Metrics:
Test Loss: 2.182301
Precision (Macro): 0.4823
Recall (Macro): 0.4843
F1-Score (Macro): 0.4408
Confusion Matrix:
[[0, 0, 0, ..., 2, 0, 0],
 [0, 3, 0, ..., 0, 0, 0],
 [0, 0, 7, ..., 0, 0, 0],
 ...,
 [0, 0, 0, ..., 6, 0, 0],
 [0, 0, 0, ..., 0, 5, 0],
 [0, 0, 0, ..., 2, 0, 1]]